#usda 1.0
(
    endTimeCode = 64
    startTimeCode = 1
    timeCodesPerSecond = 24
)

def Xform "World"
{
    def SkelRoot "Bony" (
        prepend apiSchemas = ["SkelBindingAPI"]
    )
    {
        def Skeleton "Skel" (
            prepend apiSchemas = ["SkelBindingAPI"]
        )
        {
            uniform matrix4d[] bindTransforms = [( (1, 0, 0, 0), (0, 1, 0, 0), (0, 0, 1, 0), (0, -2, 0, 1) ), ( (1, 0, 0, 0), (0, 1, 0, 0), (0, 0, 1, 0), (0, 0, 0, 1) ), ( (1, 0, 0, 0), (0, 1, 0, 0), (0, 0, 1, 0), (0, 2, 0, 1) ), ( (1, 0, 0, 0), (0, 1, 0, 0), (0, 0, 1, 0), (0, 0, 0, 1) ), ( (1, 0, 0, 0), (0, 1, 0, 0), (0, 0, 1, 0), (0, 0, 0, 1) ), ( (1, 0, 0, 0), (0, 1, 0, 0), (0, 0, 1, 0), (0, 0, 0, 1) ), ( (1, 0, 0, 0), (0, 1, 0, 0), (0, 0, 1, 0), (0, 0, 0, 1) ), ( (1, 0, 0, 0), (0, 1, 0, 0), (0, 0, 1, 0), (0, 0, 0, 1) ), ( (1, 0, 0, 0), (0, 1, 0, 0), (0, 0, 1, 0), (0, 0, 0, 1) ), ( (1, 0, 0, 0), (0, 1, 0, 0), (0, 0, 1, 0), (0, 0, 0, 1) ), ( (1, 0, 0, 0), (0, 1, 0, 0), (0, 0, 1, 0), (0, 0, 0, 1) ), ( (1, 0, 0, 0), (0, 1, 0, 0), (0, 0, 1, 0), (0, 0, 0, 1) ), ( (1, 0, 0, 0), (0, 1, 0, 0), (0, 0, 1, 0), (0, 0, 0, 1) ), ( (1, 0, 0, 0), (0, 1, 0, 0), (0, 0, 1, 0), (0, 0, 0, 1) ), ( (1, 0, 0, 0), (0, 1, 0, 0), (0, 0, 1, 0), (0, 0, 0, 1) ), ( (1, 0, 0, 0), (0, 1, 0, 0), (0, 0, 1, 0), (0, 0, 0, 1) ), ( (1, 0, 0, 0), (0, 1, 0, 0), (0, 0, 1, 0), (0, 0, 0, 1) ), ( (1, 0, 0, 0), (0, 1, 0, 0), (0, 0, 1, 0), (0, 0, 0, 1) ), ( (1, 0, 0, 0), (0, 1, 0, 0), (0, 0, 1, 0), (0, 0, 0, 1) ), ( (1, 0, 0, 0), (0, 1, 0, 0), (0, 0, 1, 0), (0, 0, 0, 1) ), ( (1, 0, 0, 0), (0, 1, 0, 0), (0, 0, 1, 0), (0, 0, 0, 1) ), ( (1, 0, 0, 0), (0, 1, 0, 0), (0, 0, 1, 0), (0, 0, 0, 1) ), ( (1, 0, 0, 0), (0, 1, 0, 0), (0, 0, 1, 0), (0, 0, 0, 1) ), ( (1, 0, 0, 0), (0, 1, 0, 0), (0, 0, 1, 0), (0, 0, 0, 1) ), ( (1, 0, 0, 0), (0, 1, 0, 0), (0, 0, 1, 0), (0, 0, 0, 1) ), ( (1, 0, 0, 0), (0, 1, 0, 0), (0, 0, 1, 0), (0, 0, 0, 1) ), ( (1, 0, 0, 0), (0, 1, 0, 0), (0, 0, 1, 0), (0, 0, 0, 1) ), ( (1, 0, 0, 0), (0, 1, 0, 0), (0, 0, 1, 0), (0, 0, 0, 1) ), ( (1, 0, 0, 0), (0, 1, 0, 0), (0, 0, 1, 0), (0, 0, 0, 1) ), ( (1, 0, 0, 0), (0, 1, 0, 0), (0, 0, 1, 0), (0, 0, 0, 1) ), ( (1, 0, 0, 0), (0, 1, 0, 0), (0, 0, 1, 0), (0, 0, 0, 1) ), ( (1, 0, 0, 0), (0, 1, 0, 0), (0, 0, 1, 0), (0, 0, 0, 1) ), ( (1, 0, 0, 0), (0, 1, 0, 0), (0, 0, 1, 0), (0, 0, 0, 1) ), ( (1, 0, 0, 0), (0, 1, 0, 0), (0, 0, 1, 0), (0, 0, 0, 1) ), ( (1, 0, 0, 0), (0, 1, 0, 0), (0, 0, 1, 0), (0, 0, 0, 1) ), ( (1, 0, 0, 0), (0, 1, 0, 0), (0, 0, 1, 0), (0, 0, 0, 1) ), ( (1, 0, 0, 0), (0, 1, 0, 0), (0, 0, 1, 0), (0, 0, 0, 1) ), ( (0.9999999742332092, 3.484988359149176e-7, -0.0002270098224321334, 0), (3.4849884489456544e-7, -0.9999999999999396, -1.2246467992061692e-16, 0), (-0.00022700982243211963, -7.911253843264211e-11, -0.9999999742332701, 0), (-2.5346588756361657, 7.10134398940941, -0.014094383485949144, 1) ), ( (0.9999999742332092, 3.484988400513285e-7, -0.00022700982243215024, 0), (3.4849884903097646e-7, -0.9999999999999396, -1.2246467992707927e-16, 0), (-0.00022700982243213647, -7.911253937165391e-11, -0.9999999742332701, 0), (-2.8768305778503422, 7.1013438701629665, -0.014016707146586729, 1) ), ( (0.9999999742332092, 3.4849884043988555e-7, -0.00022700982243210784, 0), (3.484988494195335e-7, -0.9999999999999396, -1.2246467992061692e-16, 0), (-0.00022700982243209407, -7.911253945984542e-11, -0.9999999742332701, 0), (-3.2190022800645197, 7.101343750916522, -0.013939030807224317, 1) ), ( (0.9999999999997928, 6.43699830885558e-7, 7.883049375056911e-23, 0), (6.43699830885558e-7, -0.999999999999793, -1.2246467991470993e-16, 0), (0, 1.2246467991473532e-16, -1, 0), (-2.192700386047364, 7.1013441085815465, -0.014172011423950517, 1) ), ( (0.9999999780224093, 3.218499081950793e-7, 0.00020965466248399614, 0), (3.2184991526857403e-7, -0.9999999999999485, -1.2246467990769222e-16, 0), (0.0002096546624839853, 6.747745782081284e-11, -0.9999999780224613, 0), (-1.0814214856452817, 7.1013444662465695, -0.01393902661582937, 1) ), ( (0.9999999780224093, 3.21849909000233e-7, 0.00020965466254397293, 0), (3.2184991607372776e-7, -0.9999999999999485, -1.2246467990769222e-16, 0), (0.00020965466254396209, 6.74774580089206e-11, -0.9999999780224613, 0), (-1.4519247412681588, 7.101344347000126, -0.014016704352550705, 1) ), ( (0.9999999780224091, 3.2184991237403174e-7, 0.00020965466267096333, 0), (3.218499194475266e-7, -0.9999999999999483, -1.224646799076922e-16, 0), (0.0002096546626709525, 6.747745875712512e-11, -0.9999999780224609, 0), (-1.8224279968910362, 7.1013442277536845, -0.014094382089309406, 1) ), ( (-0.9999999780224091, -3.2184990021898115e-7, -0.00020965466298614806, 0), (3.2184990729245006e-7, -0.9999999999999483, 0, 0), (-0.00020965466298613722, -6.747733384552161e-11, 0.9999999780224609, 0), (-0.7111490964889533, 7.101344585418704, -0.013861397281288592, 1) ), ( (-0.00008264832643023468, -0.9984096910182477, -0.056374480486307776, 0), (0.0016058395156733907, -0.056374540500667925, 0.9984083996355341, 0), (-0.9999987072235164, -0.000008011585116651787, 0.0016079449960941794, 0), (0.4595073954769163, 2.0925367822780405, -0.009818111299408428, 1) ), ( (-0.00008264832643045672, -0.9984096910182478, -0.05637448048630733, 0), (0.0010702929815546436, -0.056374536706839784, 0.998409117588588, 0), (-0.999999423820928, 0.000022179631858354476, 0.0010732501461250266, 0), (0.45946576634223457, 1.5896478153707132, -0.038213372790493375, 1) ), ( (-0.00008264832643023468, -0.9984096910182478, -0.05637448048630578, 0), (0.0005345993613714572, -0.05637451673650817, 0.9984095492663558, 0), (-0.9999998536863777, 0.000052379117073231285, 0.0005384084426670599, 0), (0.45942413720755276, 1.0867588484633868, -0.06660863428157783, 1) ), ( (-0.000003487072172791983, -0.9999999990435395, -0.000043597720718879795, 0), (0.002144841288057142, -0.00004360509965328774, 0.9999976988745747, 0), (-0.9999976998191993, 0.000003393553957231621, 0.002144841438059819, 0), (0.45954899870362426, 2.5951123910780702, 0.0185594646621081, 1) ), ( (0.00009372253377126771, -0.9999999951694286, -0.000029618055142066606, 0), (0.0014050200998342308, -0.000029486343993578856, 0.9999990125240497, 0), (-0.9999990085668113, -0.00009376405518529693, 0.0014050173295123702, 0), (0.4594276980990677, 4.027340816260759, 0.018594226472422065, 1) ), ( (0.00009236217725416829, -0.999999995319511, -0.000028813297334062682, 0), (0.0014050200299217108, -0.000028683498307646715, 0.9999990125474987, 0), (-0.9999990086934805, -0.00009240256931075663, 0.0014050173740751681, 0), (0.4594721521611305, 3.5498326162728353, 0.01858026061826585, 1) ), ( (0.00008810497243239013, -0.9999999957730481, -0.0000262948261487983, 0), (0.001405019811125341, -0.00002617101106472397, 0.9999990126167169, 0), (-0.9999990090779313, -0.00008814183019079103, 0.0014050174993901487, 0), (0.45951548318542945, 3.0723230365191014, 0.01856695916483656, 1) ), ( (0.00009426681530189107, -0.9999999951086811, -0.00002994003982381699, 0), (0.0014050201582623267, -0.00002980756362869208, 0.9999990125144447, 0), (-0.9999990085155699, -0.00009430878857435987, 0.0014050173415256495, 0), (0.45938271284103405, 4.504552841186523, 0.018608514219522504, 1) ), ( (-0.00008267644465775881, 0.9984096851168761, 0.05637458496012383, 0), (0.0016060470710000945, 0.056374645017903124, -0.9984083934001714, 0), (-0.9999987068878697, 0.000007995380771563811, -0.0016081538056591516, 0), (-0.4595074379720197, 2.092536785248183, -0.009817953154386681, 1) ), ( (-0.00008267644465798085, 0.998409685116876, 0.05637458496012383, 0), (0.00107041578006184, 0.05637464121350089, -0.998409111556033, 0), (-0.9999994236871657, -0.000022200670321714803, -0.0010733743368200876, 0), (-0.45946579467446785, 1.589647821313317, -0.03821326726788729, 1) ), ( (-0.00008267644465798085, 0.9984096851168764, 0.056374584960116214, 0), (0.0005346506498615788, 0.05637462122813042, -0.9984095433388382, 0), (-0.9999998536566335, -0.00005240424287106249, -0.0005384612402279387, 0), (-0.4594241513769161, 1.0867588573784532, -0.06660858138138617, 1) ), ( (2.2686505807278934e-7, 0.9999999990496101, 0.000043597338037992796, 0), (0.0021449369870382142, 0.00004359675113652095, -0.9999976986696743, 0), (-0.9999976996199891, 3.203780787330855e-7, -0.0021449369751089797, 0), (-0.4595489982992105, 2.5951123910780765, 0.018559463051314142, 1) ), ( (0.00009375953364343381, 0.9999999951692342, 0.000029507303796916233, 0), (0.001469785502289322, 0.000029369465651130078, -0.999998919433422, 0), (-0.9999989154692753, 0.00009380280173726383, -0.0014697827415217635, 0), (-0.4594277160428578, 4.027340815720237, 0.018594279338943184, 1) ), ( (0.00009239767421354017, 0.9999999953194144, 0.00002870262532045364, 0), (0.0014697854323678645, 0.000028566789684214555, -0.9999989194567768, 0), (-0.9999989155961382, 0.00009243976107431437, -0.001469782785983531, 0), (-0.4594721874420381, 3.5498326162961473, 0.018580366352028727, 1) ), ( (0.00008813576598609707, 0.9999999957732318, 0.00002618440208618234, 0), (0.0014697852135433513, 0.000026054833259125942, -0.9999989195257022, 0), (-0.9999989159811689, 0.00008817415620471226, -0.0014697829109682203, 0), (-0.45951553456273175, 3.07232303596921, 0.018567117700510633, 1) ), ( (-0.00009430441649005417, -0.9999999951084462, -0.00002982925775091294, 0), (0.0014697855607488375, 0.000029690618393751755, -0.9999989194238526, 0), (0.9999989154179529, -0.00009434815719933098, 0.0014697827536028774, 0), (-0.45938271284103405, 4.504552841186523, 0.018608514219522414, 1) ), ( (0.9999999780226805, -3.218474205907534e-7, -0.00020965336861316356, 0), (3.218474276640804e-7, 0.9999999999999482, 0, 0), (0.00020965336861315272, -6.747639738925595e-11, 0.9999999780227323, 0), (0.711149096488952, 7.101344585418703, -0.013861397281288932, 1) ), ( (0.9999999780224091, -3.218498789424103e-7, -0.00020965466257844646, 0), (3.218498860158787e-7, 0.9999999999999482, -6.462348535570529e-27, 0), (0.00020965466257843562, -6.74773292535705e-11, 0.999999978022461, 0), (1.8224279968910326, 7.101344227754625, -0.014094381610180794, 1) ), ( (0.9999999780224093, -3.218498826225778e-7, -0.0002096546625449191, 0), (3.2184988969604626e-7, 0.9999999999999482, 0, 0), (0.00020965466254490827, -6.7477330014344e-11, 0.999999978022461, 0), (1.451924741268157, 7.101344347001056, -0.014016703873440423, 1) ), ( (0.9999999780224091, -3.218498831213637e-7, -0.00020965466257843053, 0), (3.218498901948322e-7, 0.9999999999999482, 0, 0), (0.00020965466257841968, -6.747733012970246e-11, 0.999999978022461, 0), (1.0814214856452802, 7.101344466247487, -0.013939026136700054, 1) ), ( (1, 0, 0, 0), (0, 1, 0, 0), (0, 0, 1, 0), (2.192700386047363, 7.101344108581545, -0.014172011423951412, 1) ), ( (0.9999999742332092, -3.4849883591491823e-7, 0.00022700982243198365, 0), (3.484988448945939e-7, 0.9999999999999393, 0, 0), (-0.00022700982243196988, 7.911266089727315e-11, 0.9999999742332699, 0), (3.219002280064519, 7.101343750916522, -0.013939030807226003, 1) ), ( (0.9999999742332092, -3.4849883745480994e-7, 0.00022700982243199804, 0), (3.4849884643448563e-7, 0.9999999999999393, -6.46234853557053e-27, 0), (-0.00022700982243198427, 7.911266124684873e-11, 0.9999999742332699, 0), (2.8768305778503405, 7.101343870162966, -0.01401670714658837, 1) ), ( (0.9999999742332092, -3.484988313899507e-7, 0.00022700982243198316, 0), (3.484988403696263e-7, 0.9999999999999393, 6.46234853557053e-27, 0), (-0.0002270098224319694, 7.911265987006088e-11, 0.9999999742332699, 0), (2.5346588756361634, 7.1013439894094095, -0.014094383485950737, 1) ), ( (1, 0, 0, 0), (0, 1, 0, 0), (0, 0, 1, 0), (0, 0, 0, 1) ), ( (4.440892098500626e-16, 1, -1.110223024625156e-16, 0), (-3.330669073875468e-16, 0, -1, 0), (-1, 3.330669073875468e-16, 4.440892098500626e-16, 0), (-9.51009605670837e-16, 7.832407832318093, 0.06604488611257445, 1) ), ( (1, 0, 0, 0), (0, 0.9888247456955747, 0.14908260227163347, 0), (0, -0.14908260227163347, 0.9888247456955747, 0), (-8.738146884971535e-16, 7.613378862070549, 0.03302244305628693, 1) ), ( (2.586127733069399e-16, 0.988824745695575, 0.1490826022716321, 0), (-1.7812087647190545e-16, 0.1490826022716321, -0.988824745695575, 0), (-1, 2.220446049250313e-16, 2.220446049250313e-16, 0), (-7.966197713234699e-16, 7.394349891823007, 3.2265856653168617e-16, 1) ), ( (1.0000000000000004, -3.33127413994994e-16, -1.111307226797642e-16, 0), (1.7167059271358506e-16, 1.0000000000000002, -3.2300415597416587e-16, 0), (2.559801329238276e-16, 4.826190445547662e-16, 1.0000000000000002, 0), (3.5609607696533194, 7.101343631744365, -0.013861402869224927, 1) ), ( (0.9999999742332095, -3.4849884760481104e-7, 0.0002270098224319776, 0), (3.346448064958122e-7, 0.9999999981377107, 0.000061028411779210237, 0), (-0.00022700984327740593, -0.000061028334238886174, 0.9999999723710365, 0), (2.876830577850341, 7.101343870162955, -0.014016707146589502, 1) ), ( (0.9999999742332095, -3.4849884760481104e-7, 0.0002270098224319776, 0), (3.346448064958122e-7, 0.9999999981377107, 0.000061028411779210237, 0), (-0.00022700984327740593, -0.000061028334238886174, 0.9999999723710365, 0), (2.192700386047363, 7.101344108581545, -0.014172011423951412, 1) ), ( (0.9999999780224095, -3.218499082177784e-7, -0.0002096546623004747, 0), (3.218499151297558e-7, 0.9999999999999484, -6.938987887048888e-18, 0), (0.00020965466230060857, -6.74771687682715e-11, 0.9999999780224613, 0), (0.711149096488952, 7.101344585418703, -0.013861397281288908, 1) ), ( (1.0000000000000002, 2.1999800289495237e-16, -2.920092180375226e-16, 0), (-3.8145467752830957e-16, 1.0000000000000002, -6.938893903907093e-18, 0), (4.3672960053071847e-16, 1.6653345369377343e-16, 1.0000000000000002, 0), (0.3882641858679314, 7.101344585418703, -0.013861397281288849, 1) ), ( (1.0000000000000002, -3.6185398053575195e-16, -4.5737068646301e-16, 0), (-3.674032573326844e-16, -1.0000000000000002, -2.926736001988839e-16, 0), (-4.0896105946153227e-16, 4.1062802030172874e-16, -1, 0), (-3.5609607696533203, 7.101343631744366, -0.013861402869223917, 1) ), ( (0.9999999742332093, 3.484988484057563e-7, -0.0002270098224320619, 0), (-3.346448068032223e-7, 0.9999999981377105, 0.000061028414639740734, 0), (0.00022700984327758767, -0.00006102833709969414, 0.9999999723710362, 0), (-2.876830577850342, 7.101343870162957, -0.014016707146588106, 1) ), ( (0.9999999742332093, 3.484988484057563e-7, -0.0002270098224320619, 0), (3.346448068032501e-7, -0.9999999981377105, -0.000061028414639618267, 0), (-0.00022700984327758767, 0.00006102833709957167, -0.9999999723710362, 0), (-2.192700386047364, 7.1013441085815465, -0.014172011423950517, 1) ), ( (0.9999999780224093, 3.2184990836917266e-7, 0.00020965466229991867, 0), (3.218499154372553e-7, -0.9999999999999484, -6.591950055315963e-16, 0), (0.0002096546622999562, 6.747811248960339e-11, -0.9999999780224611, 0), (-0.7111490964889533, 7.101344585418704, -0.013861397281288653, 1) ), ( (1, -6.677079603474749e-16, -2.630432372178435e-16, 0), (-6.732571958655894e-16, -1.0000000000000002, -6.591949208711866e-16, 0), (-2.1468499560568692e-16, 7.771561172376096e-16, -1, 0), (-0.3882641858679327, 7.101344585418703, -0.013861397281288703, 1) ), ( (2.220446049250313e-16, 0.9994680613182908, -0.03261279510648185, 0), (-2.220446049250313e-16, -0.03261279510648185, -0.9994680613182908, 0), (-1, 2.220446049250313e-16, 2.220446049250313e-16, 0), (-6.746986014737462e-16, 6.9592080330663535, 3.3306690738754696e-16, 1) ), ( (1, 0, 0, 0), (0, 0.9984511192817994, -0.05563598120750687, 0), (0, 0.05563598120750687, 0.9984511192817994, 0), (-4.839878497975292e-16, 6.410934578059776, 0.021958407374574586, 1) ), ( (1, 0, 0, 0), (0, 0.9999826759324897, -0.005886241151806893, 0), (0, 0.005886241151806893, 0.9999826759324897, 0), (-2.680147770384167e-16, 5.862661472120893, 0.0399173111532286, 1) ), ( (1, 0, 0, 0), (0, 0.9994946142514809, 0.03178861560816149, 0), (0, -0.03178861560816149, 0.9994946142514809, 0), (-1.6046192152785466e-16, 5.314388366182009, 0.03134494421233089, 1) ), ( (1, -2.4301804628853213e-9, -2.6991148131642884e-9, 0), (2.430185367957055e-9, 0.999999999998464, 0.0000017527351764412558, 0), (2.6991105753129745e-9, -0.0000017527351764967667, 0.9999999999984641, 0), (0.4593825360801566, -2.6351348152331134e-7, 1.1912812036285327, 1) ), ( (2.6991731918915634e-9, -0.000001752735176496767, 0.9999999999984641, 0), (2.430185367957055e-9, 0.999999999998464, 0.0000017527351764412558, 0), (-1, 2.430180462775571e-9, 2.6991774297428772e-9, 0), (0.45938253407832913, 0.000001036395250286759, 0.44963537542675824, 1) ), ( (6.305695267154465e-11, -0.731439341652619, 0.6819065108083243, 0), (3.6314405768480412e-9, 0.6819065108083242, 0.731439341652619, 0), (-1, 2.430180462775571e-9, 2.6991774297428772e-9, 0), (0.45938253402796725, 0.584183240115272, -0.0949862022354251, 1) ), ( (-0.00008264833461240229, -0.9984096907936784, -0.05637448446348906, 0), (0.002147514562456356, -0.056374531867666146, 0.9984073819528307, 0), (-0.999997690672562, -0.000038548318953356874, 0.0021487586114503658, 0), (0.45954899870362426, 2.5951123910780702, 0.01855946466210821, 1) ), ( (0.00008708617327946033, -0.9999999958780645, -0.000025687921929695712, 0), (0.001405019758264625, -0.00002556553887766988, 0.9999990126324536, 0), (-0.9999990091672478, -0.00008712217933143362, 0.001405017526068253, 0), (0.45938271284103405, 4.504552841186523, 0.018608514219522504, 1) ), ( (-1, 2.4603646317640997e-9, 2.636916527579831e-9, 0), (-2.4603692174268844e-9, -0.9999999999984672, -0.0000017509789146386012, 0), (2.6369122346394633e-9, -0.0000017509789144165551, 0.9999999999984672, 0), (-0.4593825320997849, -2.615343039609023e-7, 1.1912812111764983, 1) ), ( (-2.6373266145431378e-9, 0.000001752643277175281, -0.999999999998464, 0), (-2.4529020840141353e-9, -0.9999999999984641, -0.0000017526432773418144, 0), (-0.9999999999999999, 2.4528973255699238e-9, 2.6373309668960287e-9, 0), (-0.45938253402233925, 0.000001036354519645677, 0.44963537547751375, 1) ), ( (-4.267416931977297e-12, 0.7314393415899131, -0.6819065108755848, 0), (-3.60169433665479e-9, -0.681906510875585, -0.7314393415899132, 0), (-0.9999999999999999, 2.4528973255699238e-9, 2.6373309668960287e-9, 0), (-0.4593825340257475, 0.5841832400244598, -0.09498620223838873, 1) ), ( (-0.00008264813492685269, 0.9984096908387687, 0.05637448366521695, 0), (0.00214750734453924, 0.056374531069244845, -0.9984073820134383, 0), (-0.999997690688079, 0.00003854810969491245, -0.0021487513937856043, 0), (-0.4595489982992105, 2.5951123910780765, 0.018559463051314253, 1) ), ( (0.00008708596148232495, 0.9999999958780612, 0.000025688765524445316, 0), (0.0014697860470124775, 0.000025560740142926974, -0.9999989195372285, 0), (-0.9999989160719182, 0.00008712362437818254, -0.0014697838149724252, 0), (-0.45938271284103405, 4.504552841186523, 0.018608514219522414, 1) ), ( (1, 0, 0, 0), (0, 1, 0, 0), (0, 0, 1, 0), (0, 4.7661149111754275, 0.018608514219522476, 1) ), ( (0.8844531488928755, 0.40549502751702393, -0.23090346483421445, 0), (-0.28251798242119247, 0.8591635470963107, 0.42663988204285885, 0), (0.3713841905926206, -0.3121086060970664, 0.8744495416992397, 0), (4.051609142531588, 6.948415761670362, 0.6643063494239652, 1) ), ( (0.37138419059260497, -0.31210860609706614, 0.8744495416992465, 0), (0.12200688141794004, 0.95004642939182, 0.2872735680262323, 0), (-0.9204282176598806, -2.7755575615628926e-17, 0.3909116218986789, 0), (4.000454349201991, 6.991405882536332, 0.543858880964394, 1) ), ( (0.37138419059260497, -0.31210860609706614, 0.8744495416992465, 0), (0.12200688141794004, 0.95004642939182, 0.2872735680262323, 0), (-0.9204282176598806, -2.7755575615628926e-17, 0.3909116218986789, 0), (3.94122849014971, 7.0411788690606505, 0.404407534846584, 1) ), ( (0.37138419059260497, -0.31210860609706614, 0.8744495416992465, 0), (0.12200688141794004, 0.95004642939182, 0.2872735680262323, 0), (-0.9204282176598806, -2.7755575615628926e-17, 0.3909116218986789, 0), (3.869637251539195, 7.101343631744371, 0.23584105469364208, 1) ), ( (1, 0, 0, 0), (0, 1, 0, 0), (0, 0, 1, 0), (4.648417722985996, 7.101343631744372, 0.16396767091387138, 1) ), ( (1, 0, 0, 0), (0, 1, 0, 0), (0, 0, 1, 0), (4.456209779887708, 7.101343631744372, 0.16396767091387138, 1) ), ( (1, 0, 0, 0), (0, 1, 0, 0), (0, 0, 1, 0), (4.270565885736791, 7.101343631744371, 0.1639676709138714, 1) ), ( (1, 0, 0, 0), (0, 1, 0, 0), (0, 0, 1, 0), (4.086563003822718, 7.101343631744371, 0.1639676709138714, 1) ), ( (1, 0, 0, 0), (0, 1, 0, 0), (0, 0, 1, 0), (4.644507656792034, 7.101343631744362, -0.0862087681889536, 1) ), ( (1, 0, 0, 0), (0, 1, 0, 0), (0, 0, 1, 0), (4.458316758562169, 7.101343631744362, -0.08620876818895358, 1) ), ( (1, 0, 0, 0), (0, 1, 0, 0), (0, 0, 1, 0), (4.279783917437571, 7.101343631744363, -0.0862087681889537, 1) ), ( (1, 0, 0, 0), (0, 1, 0, 0), (0, 0, 1, 0), (4.09031099473402, 7.101343631744362, -0.08620876818895369, 1) ), ( (1, 0, 0, 0), (0, 1, 0, 0), (0, 0, 1, 0), (3.7719512615033395, 7.101343631744384, -0.013861402869224796, 1) ), ( (1, 0, 0, 0), (0, 1, 0, 0), (0, 0, 1, 0), (3.5609607696533203, 7.101343631744385, -0.013861402869224798, 1) ), ( (0.8844531488928756, -0.40549502751702343, 0.23090346483421403, 0), (0.2825179824211919, 0.8591635470963105, 0.4266398820428593, 0), (-0.3713841905926204, -0.31210860609706714, 0.8744495416992396, 0), (-4.051609142531588, 6.948415761670373, 0.6643063494239694, 1) ), ( (-0.37138419059260874, -0.3121086060970736, 0.8744495416992422, 0), (-0.12200688141794452, 0.9500464293918176, 0.2872735680262385, 0), (-0.9204282176598784, -9.090501142737221e-17, -0.3909116218986838, 0), (-4.000454349201993, 6.991405882536345, 0.5438588809643973, 1) ), ( (-0.37138419059260874, -0.3121086060970736, 0.8744495416992422, 0), (-0.12200688141794452, 0.9500464293918176, 0.2872735680262385, 0), (-0.9204282176598784, -9.090501142737221e-17, -0.3909116218986838, 0), (-3.941228490149707, 7.041178869060657, 0.40440753484658576, 1) ), ( (-0.37138419059260874, -0.3121086060970736, 0.8744495416992422, 0), (-0.12200688141794452, 0.9500464293918176, 0.2872735680262385, 0), (-0.9204282176598784, -9.090501142737221e-17, -0.3909116218986838, 0), (-3.8696372515391944, 7.101343631744375, 0.23584105469364386, 1) ), ( (1, 0, 0, 0), (0, 1, 0, 0), (0, 0, 1, 0), (-4.648417722985995, 7.101343631744372, 0.16396767091387202, 1) ), ( (1, 0, 0, 0), (0, 1, 0, 0), (0, 0, 1, 0), (-4.456209779887707, 7.101343631744372, 0.16396767091387202, 1) ), ( (1, 0, 0, 0), (0, 1, 0, 0), (0, 0, 1, 0), (-4.270565885736791, 7.101343631744373, 0.1639676709138721, 1) ), ( (1, 0, 0, 0), (0, 1, 0, 0), (0, 0, 1, 0), (-4.086563003822718, 7.101343631744374, 0.16396767091387207, 1) ), ( (1, 0, 0, 0), (0, 1, 0, 0), (0, 0, 1, 0), (-4.644507656792034, 7.101343631744365, -0.08620876818895289, 1) ), ( (1, 0, 0, 0), (0, 1, 0, 0), (0, 0, 1, 0), (-4.458316758562169, 7.101343631744365, -0.08620876818895287, 1) ), ( (1, 0, 0, 0), (0, 1, 0, 0), (0, 0, 1, 0), (-4.2797839174375705, 7.101343631744365, -0.08620876818895298, 1) ), ( (1, 0, 0, 0), (0, 1, 0, 0), (0, 0, 1, 0), (-4.090310994734019, 7.101343631744364, -0.08620876818895304, 1) ), ( (1, 0, 0, 0), (0, -1, -1.2246467991473532e-16, 0), (0, 1.2246467991473532e-16, -1, 0), (-3.7719512615033395, 7.1013436317443865, -0.013861402869224094, 1) ), ( (1, 0, 0, 0), (0, -1, -1.2246467991473532e-16, 0), (0, 1.2246467991473532e-16, -1, 0), (-3.5609607696533203, 7.101343631744387, -0.013861402869224096, 1) )]
            uniform token[] joints = ["Bony_spineBtm01JIK", "Bony_spineMidJIK", "Bony_SpineTopJIK", "Bony_lShoulderJFK", "Bony_lWristJIK", "Bony_lElbowJIK", "Bony_lShoulderJIK", "Bony_lHipJFK", "Bony_lToeJIK", "Bony_lBallJIK", "Bony_lAnkleJIK", "Bony_lKneeJIK", "Bony_lHipJIK", "Bony_lWristJFK", "Bony_lElbowJFK", "Bony_lWristJIKDummy", "Bony_lToeJFK", "Bony_lBallJFK", "Bony_lAnkleJFK", "Bony_lKneeJFK", "Bony_rShoulderJFK", "Bony_rWristJIK", "Bony_rElbowJIK", "Bony_rShoulderJIK", "Bony_rHipJFK", "Bony_rToeJIK", "Bony_rBallJIK", "Bony_rAnkleJIK", "Bony_rKneeJIK", "Bony_rHipJIK", "Bony_rWristJFK", "Bony_rElbowJFK", "Bony_rWristJIKDummy", "Bony_rToeJFK", "Bony_rBallJFK", "Bony_rAnkleJFK", "Bony_rKneeJFK", "Bony_rLowerArmCurveJ1", "Bony_rLowerArmCurveJ2", "Bony_rLowerArmCurveJ3", "Bony_rElbowCurveJ", "Bony_rUpperArmCurveJ1", "Bony_rUpperArmCurveJ2", "Bony_rUpperArmCurveJ3", "Bony_rShoulderCurveJ", "Bony_lLowerLegCurveJ1", "Bony_lLowerLegCurveJ2", "Bony_lLowerLegCurveJ3", "Bony_lKneeCurveJ", "Bony_lUpperLegCurveJ1", "Bony_lUpperLegCurveJ2", "Bony_lUpperLegCurveJ3", "Bony_lHipCurveJ", "Bony_rLowerLegCurveJ1", "Bony_rLowerLegCurveJ2", "Bony_rLowerLegCurveJ3", "Bony_rKneeCurveJ", "Bony_rUpperLegCurveJ1", "Bony_rUpperLegCurveJ2", "Bony_rUpperLegCurveJ3", "Bony_rHipCurveJ", "Bony_lShoulderCurveJ", "Bony_lUpperArmCurveJ3", "Bony_lUpperArmCurveJ2", "Bony_lUpperArmCurveJ1", "Bony_lElbowCurveJ", "Bony_lLowerArmCurveJ3", "Bony_lLowerArmCurveJ2", "Bony_lLowerArmCurveJ1", "Bony_HeadTipJ", "Bony_HeadJ", "Bony_Neck02J", "Bony_Neck01J", "Bony_lWristJDummy", "Bony_lForearmJ", "Bony_lElbowJ", "Bony_lShoulderJ", "Bony_lClavicleJ", "Bony_rWristJDummy", "Bony_rForearmJ", "Bony_rElbowJ", "Bony_rShoulderJ", "Bony_rClavicleJ", "Bony_Spine04J", "Bony_spine03J", "Bony_spine02J", "Bony_spine01J", "Bony_lToeJ", "Bony_lBallJ", "Bony_lAnkleJ", "Bony_lKneeJ", "Bony_lHipJ", "Bony_rToeJ", "Bony_rBallJ", "Bony_rAnkleJ", "Bony_rKneeJ", "Bony_rHipJ", "Bony_ROOTJ", "Bony_lThumbJTip", "Bony_lThumbJ3", "Bony_lThumbJ2", "Bony_lThumbJ1", "Bony_lFinger1JTip", "Bony_lFinger1J3", "Bony_lFinger1J2", "Bony_lFinger1J1", "Bony_lFinger2JTip", "Bony_lFinger2J3", "Bony_lFinger2J2", "Bony_lFinger2J1", "Bony_lPalmJ", "Bony_lWristJ", "Bony_rThumbJTip", "Bony_rThumbJ3", "Bony_rThumbJ2", "Bony_rThumbJ1", "Bony_rFinger1JTip", "Bony_rFinger1J3", "Bony_rFinger1J2", "Bony_rFinger1J1", "Bony_rFinger2JTip", "Bony_rFinger2J3", "Bony_rFinger2J2", "Bony_rFinger2J1", "Bony_rPalmJ", "Bony_rWristJ"]
